4294967279,80
4294967279,79
4294967279,78
4294967279,87
4294967279,86
4294967279,85
4294967279,84
4294967279,83
4294967279,82
4294967279,81
4294967279,528
4294967278,342
4294967278,341
4294967279,527
4294967278,156
4294967278,340
4294967279,526
4294967278,339
4294967279,525
4294967278,338
4294967279,524
4294967278,152
4294967278,151
4294967278,150
4294967279,93
4294967279,92
4294967279,91
4294967279,90
4294967279,89
4294967279,523
4294967279,103
4294967279,102
4294967279,101
4294967279,100
4294967279,99
4294967279,98
4294967279,97
4294967279,96
4294967279,95
4294967279,94
4294967278,337
4294967278,336
4294967279,522
4294967278,335
4294967279,521
4294967278,144
4294967279,122
4294967279,121
4294967279,120
4294967279,119
4294967279,118
4294967279,117
4294967279,116
4294967279,115
4294967279,114
4294967279,113
4294967279,112
4294967279,111
4294967279,110
4294967279,109
4294967279,108
4294967279,107
4294967279,106
4294967279,105
4294967279,104
4294967278,143
4294967279,520
4294967278,334
4294967278,141
4294967279,519
4294967278,140
4294967279,518
4294967278,139
4294967278,138
4294967278,277
4294967278,136
4294967278,135
4294967279,133
4294967278,37
4294967278,36
4294967278,35
4294967278,34
4294967278,33
4294967278,32
4294967278,31
4294967278,30
4294967278,29
4294967278,28
4294967278,27
4294967278,26
4294967278,25
4294967278,24
4294967278,23
4294967278,22
4294967278,20
4294967278,16
4294967278,14
4294967278,13
4294967278,12
4294967278,11
4294967278,9
4294967278,8
4294967278,7
4294967278,6
4294967278,5
4294967278,4
4294967279,132
4294967279,131
4294967279,130
4294967279,129
4294967279,252
4294967279,128
4294967279,127
4294967279,126
4294967279,251
4294967279,125
4294967279,124
4294967279,123
4294967279,22
4294967279,13
4294967279,12
4294967279,11
4294967278,333
4294967278,21
4294967294,437
4294967278,276
4294967278,19
4294967278,284
4294967278,10
4294967279,19
4294967279,267
4294967278,18
4294967278,275
4294967279,18
4294967279,279
4294967279,266
4294967278,17
4294967278,273
4294967279,16
4294967279,277
4294967279,278
4294967278,15
4294967278,270
4294967278,283
4294967278,265
4294967279,265
4294967278,269
4294967278,268
4294967279,263
4294967278,267
19,5
4294967279,262
19,4
19,3
19,2
19,1
4294967278,332
4294967279,261
4294967278,331
4294967279,258
4294967279,257
4294967279,274
4294967279,256
4294967279,253
4294967278,330
4294967279,517
17,5
4294967279,516
4294967278,257
4294967279,515
17,4
4294967278,329
17,3
17,2
17,1
4294967278,256
4294967279,514
4294967278,328
4294967279,513
4294967294,392
4294967278,327
4294967279,512
4294967278,326
4294967278,255
4294967279,319
16,6
4294967279,318
4294967278,325
4294967278,324
4294967279,317
4294967278,254
16,5
4294967278,253
16,4
4294967278,250
16,3
16,2
16,1
4294967278,249
4294967278,248
4294967278,242
4294967294,387
4294967278,245
4294967278,243
15,5
4294967278,240
4294967278,238
15,4
15,3
15,2
15,1
4294967278,237
4294967278,236
4294967278,235
4294967294,393
4294967278,233
4294967278,229
4294967278,226
4294967278,224
4294967278,220
14,4
4294967278,222
14,3
14,2
14,1
4294967278,221
4294967294,390
4294967294,40
4294967294,38
4294967294,37
4294967278,219
4294967278,216
4294967278,215
4294967279,316
4294967278,213
13,5
4294967279,315
4294967278,323
13,4
4294967278,210
13,3
13,2
13,1
4294967278,322
4294967278,209
4294967278,321
4294967279,314
4294967278,207
4294967279,313
4294967278,206
4294967294,472
4294967294,1101
4294967294,1095
4294967294,76
4294967294,41
4294967279,312
4294967279,311
4294967278,320
11,4
4294967278,202
11,3
11,2
11,1
4294967278,319
4294967278,201
4294967294,82
4294967279,310
4294967278,318
4294967278,317
4294967279,309
4294967294,1174
4294967294,427
4294967294,44
4294967294,424
4294967294,43
4294967278,316
4294967279,308
4294967294,409
4294967294,396
4294967294,413
4294967294,385
4294967294,1172
4294967294,403
4294967294,406
4294967294,1005
4294967294,414
4294967294,468
4294967294,411
4294967294,455
4294967294,51
4294967294,52
4294967294,89
4294967278,315
4294967279,307
4294967294,46
4294967294,389
4294967294,120
4294967294,115
4294967294,114
4294967294,2
4294967278,314
4294967279,306
4294967278,313
4294967279,305
4294967294,87
4294967294,85
4294967294,84
4294967278,312
4294967279,304
4294967294,91
4294967294,90
4294967294,36
4294967278,311
4294967278,193
4294967278,310
4294967279,303
4294967279,302
4294967278,309
4294967294,30
4294967294,990
4294967294,989
4294967294,988
4294967294,987
4294967279,301
4294967278,191
4294967278,190
4294967279,300
4294967278,308
4294967294,18
4294967294,127
4294967294,126
4294967294,20
4294967294,13
